
0
1,
1
1,2,
3
1,2,3,
6
1,2,3,4,
10
1,2,3,4,5,
15
1,2,3,4,5,6,
21
1,2,3,4,5,6,7,
28
1,2,3,4,5,6,7,8,
36
1,2,3,4,5,6,7,8,9,
45

0
2,
2
2,3,
5
2,3,4,
9
2,3,4,5,
14
2,3,4,5,6,
20
2,3,4,5,6,7,
27
2,3,4,5,6,7,8,
35
2,3,4,5,6,7,8,9,
44

0
3,
3
3,4,
7
3,4,5,
12
3,4,5,6,
18
3,4,5,6,7,
25
3,4,5,6,7,8,
33
3,4,5,6,7,8,9,
42

0
4,
4
4,5,
9
4,5,6,
15
4,5,6,7,
22
4,5,6,7,8,
30
4,5,6,7,8,9,
39

0
5,
5
5,6,
11
5,6,7,
18
5,6,7,8,
26
5,6,7,8,9,
35

0
6,
6
6,7,
13
6,7,8,
21
6,7,8,9,
30

0
7,
7
7,8,
15
7,8,9,
24

0
8,
8
8,9,
17

0
9,
9

0
